#批发类
wholesale_class=5013,5021,5039,5044,5045,5046,5047,5051,5065,5072,5074,5111,5122,5131,5137,5139,5172,5192,5193,5198,5398,5998
#烟草配送
tobacco_distribution_class=4458
#宾馆类
hotel_class=7011,7012
#珠宝工艺类
jewelry_technology_class=5094,5932,5937,5944,5950,5970,5971,7631
#特殊类
special_class=9498
#公立医院类
public_hospital_class=8062
#公共学校类
public_school_class=8211,8220
#慈善与社会服务类
charity_social_services_class=8398
#餐饮类
catering_class=5811,5812,5813
#娱乐类
recreation_class=7032,7033,7297,7298,7829,7911,7922,7929,7932,7933,7941,7992,7994,7996,7997,7998,7999
#影院类
movie_class=7832
#旅游产品
tour_class=4722,4733
#一般商户类
normal_acptor_class=0742,0763,0780,4011,4119,4214,4215,4225,4411,4457,4468,4582,4789,4812,4816,4821,5261,5422,5441,5451,5462,5499,5532,5533,5611,5621,5631,5641,5651,5655,5661,5681,5691,5697,5698,5699,5712,5713,5714,5718,5719,5732,5733,5734,5735,5814,5912,5921,5931,5935,5940,5941,5942,5943,5945,5946,5947,5948,5949,5962,5963,5964,5965,5966,5967,5968,5969,5972,5973,5975,5976,5977,5978,5983,5992,5993,5995,5996,5997,5999,6010,6011,6012,6051,6211,6513,7210,7211,7216,7217,7221,7230,7251,7261,7273,7276,7277,7278,7295,7296,7299,7311,7321,7333,7338,7339,7342,7349,7361,7372,7375,7379,7392,7393,7394,7395,7399,7622,7623,7629,7641,7692,7699,7841,7991,7993,7995,8011,8021,8031,8041,8042,8043,8049,8050,8071,8099,8111,8641,8661,8675,8699,8931,8999,9498
#装修建材类
decoration_materials_class=5211,5231,5251,8911,8912
#汽车服务
car_service_class=7512,7513,7519,7531,7534,7535,7538,7542,7549
#汽车销售类
car_sales_class=5271,5511,5521,5551,5561,5571,5592,5598,5599
#房地产类
realty_class=1520,7013
#培训教育类
education_class=8241,8244,8249,8299,8351
#超市类
supermarkets_class=5411,5722,5541,5542
#百货零售类
department_store_retail=5309,5310,5311,5331,5399
#典当拍卖信托类
auction_class=5933
#交通运输售票
transportation_ticket_class=3998,4111,4112,4121,4131,4511,4784
#水电气缴费
capture_class=4814,4899,4900,5960,6300
#便民类
convenient_class=5994,7523,9402
#政府服务类
government_service=8651,9211,9222,9223,9311,9399,9400
#非法类(unknown_class)=除上述MCC